          0
          0
          0
          0
          0
          0
          0
          0
       1620
       5071
    -491142
     208794
     275900
   -2757231
    7419070
  -66370942
  -97346399
    3695007
   27065468
    1783886
   -2715042
  -27496896
   -2173301
   95479418
   71835758
  -74138076
  -94457363
    3333667
   26904523
    2248175
   -2726816
  -27507121
   -2144727
   95501215
   71804086
  -74210182
  -94463668
    3344709
   26888256
    2268183
   -2722946
  -27510320
   -2114669
   95473332
   71801475
  -74207052
  -94469646
    3392148
   26865267
    2273499
