          0
          0
          0
          0
          0
          0
          0
          0
       4291
     -36706
    -650874
    1910719
   -3675693
    5385230
   -7785531
  -80782605
   25606931
   68634386
    3773691
   -4253294
   -4952717
    6728146
   64519652
   32052400
 -100070411
  -98223393
   34042701
   63701683
    6040153
   -4936153
   -5079119
    6806824
   64445025
   32075428
 -100058496
  -98235263
   34078625
   63743648
    6028346
   -4955183
   -5059879
    6788557
   64462848
   32083844
 -100063992
  -98228536
   34030437
   63769003
    6017225
   -4952184
